,date,0,1,2,3,4,5,6,7,8,9,10,11,12,13,14,15,16,17,18,19,20,21,22,23,24,25,26,27,28,29,sdate
0,2021-11-30,88.0,64.0,74.0,76.0,74.0,57.0,56.0,51.0,30.0,52.0,29.0,27.0,25.0,31.0,14.0,25.0,18.0,11.0,4.0,7.0,3.0,0.0,0.0,1.0,1.0,4.0,3.0,1.0,2.0,2.0,2021-11-30
1,2021-12-31,97.0,86.0,91.0,59.0,37.0,55.0,49.0,37.0,34.0,31.0,37.0,25.0,25.0,29.0,28.0,13.0,30.0,21.0,2.0,3.0,4.0,1.0,2.0,3.0,1.0,3.0,2.0,0.0,0.0,1.0,2021-12-31
2,2022-01-31,94.0,69.0,81.0,73.0,47.0,36.0,53.0,34.0,35.0,41.0,30.0,27.0,27.0,27.0,26.0,14.0,11.0,11.0,1.0,5.0,5.0,1.0,7.0,1.0,0.0,3.0,1.0,0.0,1.0,1.0,2022-01-31
3,2022-02-28,88.0,77.0,69.0,55.0,53.0,45.0,57.0,33.0,26.0,38.0,16.0,36.0,28.0,26.0,30.0,16.0,20.0,13.0,3.0,2.0,1.0,16.0,0.0,1.0,2.0,3.0,0.0,0.0,2.0,2.0,2022-02-28
4,2022-03-31,77.0,67.0,83.0,76.0,46.0,44.0,53.0,31.0,21.0,41.0,30.0,38.0,30.0,58.0,20.0,27.0,31.0,10.0,6.0,2.0,2.0,7.0,1.0,1.0,1.0,2.0,3.0,2.0,3.0,0.0,2022-03-31
5,2022-04-30,83.0,80.0,106.0,67.0,63.0,61.0,40.0,33.0,40.0,48.0,38.0,36.0,37.0,29.0,10.0,22.0,12.0,12.0,5.0,4.0,3.0,9.0,3.0,2.0,4.0,3.0,1.0,3.0,0.0,3.0,2022-04-30
6,2022-05-31,95.0,77.0,98.0,74.0,55.0,43.0,46.0,29.0,50.0,33.0,49.0,34.0,19.0,18.0,20.0,25.0,13.0,7.0,16.0,3.0,5.0,1.0,9.0,3.0,3.0,1.0,1.0,0.0,0.0,1.0,2022-05-31
7,2022-06-30,104.0,82.0,86.0,58.0,55.0,46.0,48.0,44.0,47.0,32.0,24.0,33.0,28.0,22.0,21.0,29.0,14.0,11.0,12.0,0.0,5.0,0.0,6.0,0.0,1.0,4.0,4.0,2.0,3.0,0.0,2022-06-30
8,2022-07-31,139.0,91.0,95.0,75.0,49.0,42.0,59.0,47.0,51.0,31.0,42.0,50.0,30.0,40.0,43.0,28.0,18.0,12.0,15.0,0.0,3.0,2.0,0.0,2.0,8.0,1.0,1.0,2.0,0.0,0.0,2022-07-31
9,2022-08-31,145.0,92.0,85.0,64.0,59.0,68.0,46.0,49.0,40.0,45.0,31.0,25.0,25.0,21.0,17.0,18.0,28.0,6.0,12.0,3.0,1.0,3.0,5.0,4.0,2.0,6.0,8.0,1.0,1.0,2.0,2022-08-31
10,2022-09-30,73.0,65.0,81.0,74.0,35.0,45.0,39.0,34.0,35.0,24.0,37.0,36.0,31.0,25.0,33.0,28.0,4.0,8.0,3.0,2.0,3.0,0.0,2.0,2.0,1.0,0.0,0.0,4.0,0.0,0.0,2022-09-30
11,2022-10-31,95.0,71.0,90.0,78.0,44.0,66.0,50.0,36.0,36.0,26.0,32.0,32.0,35.0,20.0,13.0,20.0,14.0,10.0,5.0,2.0,6.0,2.0,1.0,2.0,4.0,2.0,5.0,3.0,5.0,2.0,2022-10-31
12,2022-11-30,118.0,60.0,62.0,91.0,55.0,52.0,51.0,57.0,42.0,31.0,27.0,45.0,18.0,33.0,23.0,19.0,25.0,35.0,8.0,50.0,3.0,5.0,3.0,6.0,4.0,3.0,11.0,0.0,0.0,0.0,2022-11-30
13,2022-12-31,86.0,92.0,86.0,76.0,33.0,36.0,55.0,43.0,35.0,55.0,36.0,47.0,35.0,23.0,23.0,18.0,17.0,14.0,4.0,1.0,2.0,1.0,11.0,2.0,1.0,3.0,0.0,0.0,5.0,1.0,2022-12-31
14,2023-01-31,102.0,75.0,74.0,93.0,35.0,57.0,51.0,50.0,47.0,98.0,42.0,38.0,25.0,24.0,22.0,23.0,7.0,11.0,3.0,3.0,3.0,16.0,0.0,2.0,1.0,0.0,11.0,0.0,1.0,1.0,2023-01-31
15,2023-02-28,67.0,61.0,64.0,64.0,35.0,37.0,48.0,27.0,26.0,27.0,28.0,25.0,37.0,23.0,21.0,32.0,10.0,28.0,0.0,3.0,2.0,1.0,5.0,0.0,3.0,2.0,1.0,0.0,3.0,3.0,2023-02-28
16,2023-03-31,66.0,77.0,71.0,62.0,18.0,33.0,55.0,35.0,26.0,14.0,12.0,31.0,27.0,35.0,11.0,16.0,16.0,10.0,4.0,0.0,2.0,2.0,0.0,1.0,1.0,0.0,1.0,1.0,1.0,0.0,2023-03-31
17,2023-04-30,92.0,75.0,113.0,71.0,53.0,58.0,53.0,35.0,31.0,36.0,25.0,42.0,34.0,27.0,15.0,23.0,13.0,15.0,12.0,2.0,5.0,1.0,0.0,1.0,1.0,0.0,1.0,2.0,0.0,0.0,2023-04-30
18,2023-05-31,63.0,77.0,99.0,57.0,32.0,49.0,45.0,27.0,22.0,24.0,19.0,31.0,25.0,26.0,12.0,22.0,12.0,6.0,16.0,6.0,1.0,4.0,3.0,0.0,4.0,2.0,0.0,2.0,1.0,2.0,2023-05-31
19,2023-06-30,77.0,94.0,89.0,57.0,27.0,44.0,50.0,41.0,57.0,44.0,19.0,31.0,32.0,30.0,14.0,14.0,21.0,18.0,1.0,6.0,3.0,2.0,2.0,7.0,3.0,1.0,3.0,3.0,0.0,2.0,2023-06-30
20,2023-07-31,62.0,62.0,63.0,55.0,35.0,45.0,49.0,33.0,20.0,13.0,14.0,30.0,18.0,20.0,10.0,9.0,8.0,2.0,0.0,3.0,0.0,0.0,2.0,5.0,1.0,1.0,0.0,1.0,0.0,0.0,2023-07-31
21,2023-08-31,86.0,96.0,74.0,51.0,51.0,30.0,45.0,31.0,40.0,53.0,37.0,47.0,24.0,26.0,16.0,26.0,18.0,11.0,4.0,3.0,4.0,3.0,5.0,7.0,3.0,1.0,3.0,2.0,2.0,3.0,2023-08-31
22,2023-09-30,73.0,84.0,122.0,76.0,44.0,41.0,52.0,17.0,38.0,37.0,36.0,35.0,35.0,26.0,18.0,10.0,8.0,16.0,1.0,2.0,3.0,11.0,0.0,2.0,7.0,0.0,2.0,3.0,0.0,1.0,2023-09-30
23,2023-10-31,75.0,77.0,82.0,52.0,48.0,52.0,48.0,29.0,29.0,27.0,28.0,42.0,15.0,35.0,15.0,17.0,16.0,13.0,1.0,3.0,0.0,6.0,1.0,1.0,0.0,3.0,0.0,0.0,0.0,0.0,2023-10-31
24,2023-11-30,75.0,53.0,64.0,50.0,40.0,36.0,37.0,20.0,36.0,22.0,22.0,29.0,22.0,21.0,19.0,14.0,9.0,9.0,1.0,4.0,6.0,0.0,0.0,2.0,2.0,0.0,6.0,2.0,0.0,0.0,2023-11-30
